[gd_scene load_steps=13 format=3 uid="uid://dhwbv83rpfuak"]

[ext_resource type="Script" path="res://Scripts/Cameras/2P_SplitScreen.gd" id="1_7bfc5"]
[ext_resource type="Script" path="res://Scripts/Controls/speedometer.gd" id="2_umw2c"]
[ext_resource type="Texture2D" uid="uid://mboqxscd4faw" path="res://art/Sprites/speedometer.png" id="3_02n1c"]
[ext_resource type="Texture2D" uid="uid://bosbcn4jsochj" path="res://art/Sprites/Speedom-hand.png" id="4_3r0y7"]
[ext_resource type="Texture2D" uid="uid://dvvoftavsla7y" path="res://art/Sprites/Red dot.png" id="5_iyngq"]
[ext_resource type="Texture2D" uid="uid://dbaa33ud0yxvr" path="res://art/Sprites/Outer aim.png" id="6_dg2bt"]
[ext_resource type="PackedScene" uid="uid://5onto4dvfxg2" path="res://Prefabs/zenith.tscn" id="7_h00lt"]
[ext_resource type="PackedScene" uid="uid://72fvljgdgqke" path="res://Prefabs/RouteNode.tscn" id="8_nbu7b"]

[sub_resource type="BoxShape3D" id="BoxShape3D_7uyjm"]
size = Vector3(5, 5, 5)

[sub_resource type="BoxMesh" id="BoxMesh_fm6r3"]
size = Vector3(5, 5, 5)

[sub_resource type="BoxShape3D" id="BoxShape3D_q764m"]
size = Vector3(60, 2, 60)

[sub_resource type="BoxMesh" id="BoxMesh_gps8s"]
size = Vector3(60, 2, 60)

[node name="Node3D" type="Node3D"]

[node name="GridContainer" type="GridContainer" parent="."]
anchors_preset = 15
anchor_right = 1.0
anchor_bottom = 1.0
grow_horizontal = 2
grow_vertical = 2
columns = 2
script = ExtResource("1_7bfc5")

[node name="SubViewportContainer" type="SubViewportContainer" parent="GridContainer"]
clip_contents = true
layout_mode = 2
size_flags_horizontal = 3
size_flags_vertical = 3
stretch = true

[node name="SubViewport" type="SubViewport" parent="GridContainer/SubViewportContainer"]
handle_input_locally = false
size = Vector2i(574, 648)
render_target_update_mode = 4

[node name="MarginContainer" type="MarginContainer" parent="GridContainer/SubViewportContainer/SubViewport"]
anchors_preset = 3
anchor_left = 1.0
anchor_top = 1.0
anchor_right = 1.0
anchor_bottom = 1.0
grow_horizontal = 0
grow_vertical = 0
theme_override_constants/margin_right = 50
theme_override_constants/margin_bottom = 50

[node name="UI pilot" type="Control" parent="GridContainer/SubViewportContainer/SubViewport/MarginContainer"]
layout_mode = 2
size_flags_horizontal = 3
size_flags_vertical = 3
script = ExtResource("2_umw2c")
metadata/_edit_use_anchors_ = true

[node name="Speedometer" type="Node2D" parent="GridContainer/SubViewportContainer/SubViewport/MarginContainer/UI pilot"]

[node name="Sprite2D" type="Sprite2D" parent="GridContainer/SubViewportContainer/SubViewport/MarginContainer/UI pilot/Speedometer"]
scale = Vector2(0.1, 0.1)
texture = ExtResource("3_02n1c")

[node name="Node2D" type="Node2D" parent="GridContainer/SubViewportContainer/SubViewport/MarginContainer/UI pilot/Speedometer"]
rotation = 1.15541

[node name="Hand" type="Sprite2D" parent="GridContainer/SubViewportContainer/SubViewport/MarginContainer/UI pilot/Speedometer/Node2D"]
position = Vector2(7.2, 25)
scale = Vector2(0.1, 0.1)
texture = ExtResource("4_3r0y7")

[node name="Node2D2" type="Node2D" parent="GridContainer/SubViewportContainer/SubViewport/MarginContainer/UI pilot/Speedometer"]
position = Vector2(-14.435, 16.39)

[node name="RichTextLabel" type="RichTextLabel" parent="GridContainer/SubViewportContainer/SubViewport/MarginContainer/UI pilot/Speedometer/Node2D2"]
offset_right = 40.0
offset_bottom = 40.0
text = "000"

[node name="SubViewportContainer2" type="SubViewportContainer" parent="GridContainer"]
clip_contents = true
layout_mode = 2
size_flags_horizontal = 3
size_flags_vertical = 3
stretch = true

[node name="SubViewport" type="SubViewport" parent="GridContainer/SubViewportContainer2"]
handle_input_locally = false
size = Vector2i(574, 648)
render_target_update_mode = 4

[node name="UI_turret" type="Control" parent="GridContainer/SubViewportContainer2/SubViewport"]
layout_mode = 3
anchors_preset = 8
anchor_left = 0.5
anchor_top = 0.5
anchor_right = 0.5
anchor_bottom = 0.5
grow_horizontal = 2
grow_vertical = 2
size_flags_horizontal = 3
size_flags_vertical = 3
metadata/_edit_use_anchors_ = true

[node name="Aim" type="Node2D" parent="GridContainer/SubViewportContainer2/SubViewport/UI_turret"]

[node name="Sprite2D" type="Sprite2D" parent="GridContainer/SubViewportContainer2/SubViewport/UI_turret/Aim"]
scale = Vector2(0.1, 0.1)
texture = ExtResource("5_iyngq")

[node name="OuterAim" type="Sprite2D" parent="GridContainer/SubViewportContainer2/SubViewport/UI_turret/Aim"]
scale = Vector2(0.05, 0.05)
texture = ExtResource("6_dg2bt")

[node name="Ship" parent="." instance=ExtResource("7_h00lt")]
transform = Transform3D(1, 0, 0, 0, 1, 0, 0, 0, 1, 0, 1, -22.7537)
max_speed = 150.0
acceleration = 15.0
braking = 30.0

[node name="Curve1" type="Node3D" parent="."]
visible = false

[node name="2" parent="Curve1" node_paths=PackedStringArray("PreviousNode", "NextNode") instance=ExtResource("8_nbu7b")]
transform = Transform3D(0.965926, 0, -0.258819, 0, 1, 0, 0.258819, 0, 0.965926, 1.15355, 2.5, -31.0781)
PreviousNode = NodePath("../../1")
NextNode = NodePath("../3")

[node name="3" parent="Curve1" node_paths=PackedStringArray("PreviousNode", "NextNode") instance=ExtResource("8_nbu7b")]
transform = Transform3D(0.866025, 0, -0.5, 0, 1, 0, 0.5, 0, 0.866025, 4.60398, 2.5, -39.3405)
PreviousNode = NodePath("../2")
NextNode = NodePath("../4")

[node name="4" parent="Curve1" node_paths=PackedStringArray("PreviousNode", "NextNode") instance=ExtResource("8_nbu7b")]
transform = Transform3D(0.707107, 0, -0.707107, 0, 1, 0, 0.707107, 0, 0.707107, 9.98871, 2.5, -46.4109)
PreviousNode = NodePath("../3")
NextNode = NodePath("../5")

[node name="5" parent="Curve1" node_paths=PackedStringArray("PreviousNode", "NextNode") instance=ExtResource("8_nbu7b")]
transform = Transform3D(0.5, 0, -0.866025, 0, 1, 0, 0.866025, 0, 0.5, 17.0343, 2.5, -51.8709)
PreviousNode = NodePath("../4")
NextNode = NodePath("../6")

[node name="6" parent="Curve1" node_paths=PackedStringArray("PreviousNode", "NextNode") instance=ExtResource("8_nbu7b")]
transform = Transform3D(0.258819, 0, -0.965926, 0, 1, 0, 0.965926, 0, 0.258819, 25.2521, 2.5, -55.2384)
PreviousNode = NodePath("../5")
NextNode = NodePath("../../Curve2/1")

[node name="Curve2" type="Node3D" parent="."]
transform = Transform3D(-4.37114e-08, 0, -1, 0, 1, 0, 1, 0, -4.37114e-08, 11.7885, 0, -56.3767)
visible = false

[node name="1" parent="Curve2" node_paths=PackedStringArray("PreviousNode", "NextNode") instance=ExtResource("8_nbu7b")]
PreviousNode = NodePath("../../Curve1/6")
NextNode = NodePath("../2")

[node name="2" parent="Curve2" node_paths=PackedStringArray("PreviousNode", "NextNode") instance=ExtResource("8_nbu7b")]
transform = Transform3D(0.965926, 0, -0.258819, 0, 1, 0, 0.258819, 0, 0.965926, 1.15355, 2.5, -31.0781)
PreviousNode = NodePath("../1")
NextNode = NodePath("../3")

[node name="3" parent="Curve2" node_paths=PackedStringArray("PreviousNode", "NextNode") instance=ExtResource("8_nbu7b")]
transform = Transform3D(0.866025, 0, -0.5, 0, 1, 0, 0.5, 0, 0.866025, 4.60398, 2.5, -39.3405)
PreviousNode = NodePath("../2")
NextNode = NodePath("../4")

[node name="4" parent="Curve2" node_paths=PackedStringArray("PreviousNode", "NextNode") instance=ExtResource("8_nbu7b")]
transform = Transform3D(0.707107, 0, -0.707107, 0, 1, 0, 0.707107, 0, 0.707107, 9.98871, 2.5, -46.4109)
PreviousNode = NodePath("../3")
NextNode = NodePath("../5")

[node name="5" parent="Curve2" node_paths=PackedStringArray("PreviousNode", "NextNode") instance=ExtResource("8_nbu7b")]
transform = Transform3D(0.5, 0, -0.866025, 0, 1, 0, 0.866025, 0, 0.5, 17.0343, 2.5, -51.8709)
PreviousNode = NodePath("../4")
NextNode = NodePath("../6")

[node name="6" parent="Curve2" node_paths=PackedStringArray("PreviousNode", "NextNode") instance=ExtResource("8_nbu7b")]
transform = Transform3D(0.258819, 0, -0.965926, 0, 1, 0, 0.965926, 0, 0.258819, 25.2521, 2.5, -55.2384)
PreviousNode = NodePath("../5")
NextNode = NodePath("../../Curve3/1")

[node name="Curve3" type="Node3D" parent="."]
transform = Transform3D(-1, 0, 8.74228e-08, 0, 1, 0, -8.74228e-08, 0, -1, 68.1937, 0, -44.5832)
visible = false

[node name="1" parent="Curve3" node_paths=PackedStringArray("PreviousNode", "NextNode") instance=ExtResource("8_nbu7b")]
PreviousNode = NodePath("../../Curve2/6")
NextNode = NodePath("../2")

[node name="2" parent="Curve3" node_paths=PackedStringArray("PreviousNode", "NextNode") instance=ExtResource("8_nbu7b")]
transform = Transform3D(0.965926, 0, -0.258819, 0, 1, 0, 0.258819, 0, 0.965926, 1.15355, 2.5, -31.0781)
PreviousNode = NodePath("../1")
NextNode = NodePath("../3")

[node name="3" parent="Curve3" node_paths=PackedStringArray("PreviousNode", "NextNode") instance=ExtResource("8_nbu7b")]
transform = Transform3D(0.866025, 0, -0.5, 0, 1, 0, 0.5, 0, 0.866025, 4.60398, 2.5, -39.3405)
PreviousNode = NodePath("../2")
NextNode = NodePath("../4")

[node name="4" parent="Curve3" node_paths=PackedStringArray("PreviousNode", "NextNode") instance=ExtResource("8_nbu7b")]
transform = Transform3D(0.707107, 0, -0.707107, 0, 1, 0, 0.707107, 0, 0.707107, 9.98871, 2.5, -46.4109)
PreviousNode = NodePath("../3")
NextNode = NodePath("../5")

[node name="5" parent="Curve3" node_paths=PackedStringArray("PreviousNode", "NextNode") instance=ExtResource("8_nbu7b")]
transform = Transform3D(0.5, 0, -0.866025, 0, 1, 0, 0.866025, 0, 0.5, 17.0343, 2.5, -51.8709)
PreviousNode = NodePath("../4")
NextNode = NodePath("../6")

[node name="6" parent="Curve3" node_paths=PackedStringArray("PreviousNode", "NextNode") instance=ExtResource("8_nbu7b")]
transform = Transform3D(0.258819, 0, -0.965926, 0, 1, 0, 0.965926, 0, 0.258819, 25.2521, 2.5, -55.2384)
PreviousNode = NodePath("../5")
NextNode = NodePath("../../Curve4/1")

[node name="Curve4" type="Node3D" parent="."]
transform = Transform3D(1.19249e-08, 0, 1, 0, 1, 0, -1, 0, 1.19249e-08, 56.2974, 0, 11.847)
visible = false

[node name="1" parent="Curve4" node_paths=PackedStringArray("PreviousNode", "NextNode") instance=ExtResource("8_nbu7b")]
PreviousNode = NodePath("../../Curve3/6")
NextNode = NodePath("../2")

[node name="2" parent="Curve4" node_paths=PackedStringArray("PreviousNode", "NextNode") instance=ExtResource("8_nbu7b")]
transform = Transform3D(0.965926, 0, -0.258819, 0, 1, 0, 0.258819, 0, 0.965926, 1.15355, 2.5, -31.0781)
PreviousNode = NodePath("../1")
NextNode = NodePath("../3")

[node name="3" parent="Curve4" node_paths=PackedStringArray("PreviousNode", "NextNode") instance=ExtResource("8_nbu7b")]
transform = Transform3D(0.866025, 0, -0.5, 0, 1, 0, 0.5, 0, 0.866025, 4.60398, 2.5, -39.3405)
PreviousNode = NodePath("../2")
NextNode = NodePath("../4")

[node name="4" parent="Curve4" node_paths=PackedStringArray("PreviousNode", "NextNode") instance=ExtResource("8_nbu7b")]
transform = Transform3D(0.707107, 0, -0.707107, 0, 1, 0, 0.707107, 0, 0.707107, 9.98871, 2.5, -46.4109)
PreviousNode = NodePath("../3")
NextNode = NodePath("../5")

[node name="5" parent="Curve4" node_paths=PackedStringArray("PreviousNode", "NextNode") instance=ExtResource("8_nbu7b")]
transform = Transform3D(0.5, 0, -0.866025, 0, 1, 0, 0.866025, 0, 0.5, 17.0343, 2.5, -51.8709)
PreviousNode = NodePath("../4")
NextNode = NodePath("../6")

[node name="6" parent="Curve4" node_paths=PackedStringArray("PreviousNode", "NextNode") instance=ExtResource("8_nbu7b")]
transform = Transform3D(0.258819, 0, -0.965926, 0, 1, 0, 0.965926, 0, 0.258819, 25.2521, 2.5, -55.2384)
PreviousNode = NodePath("../5")
NextNode = NodePath("../../1")

[node name="1" parent="." node_paths=PackedStringArray("PreviousNode", "NextNode") instance=ExtResource("8_nbu7b")]
visible = false
PreviousNode = NodePath("../Curve4/6")
NextNode = NodePath("../Curve1/2")

[node name="Node3D" type="StaticBody3D" parent="."]
transform = Transform3D(1, 0, 0, 0, 1, 0, 0, 0, 1, 34.1137, 0, -21.9822)
collision_layer = 5
collision_mask = 3

[node name="CollisionShape3D" type="CollisionShape3D" parent="Node3D"]
shape = SubResource("BoxShape3D_7uyjm")

[node name="MeshInstance3D" type="MeshInstance3D" parent="Node3D"]
mesh = SubResource("BoxMesh_fm6r3")

[node name="Ground" type="StaticBody3D" parent="."]
transform = Transform3D(10, 0, 0, 0, 10, 0, 0, 0, 10, 1.14886, -40.1059, -2.40869)
collision_mask = 3

[node name="CollisionShape3D" type="CollisionShape3D" parent="Ground"]
shape = SubResource("BoxShape3D_q764m")

[node name="MeshInstance3D" type="MeshInstance3D" parent="Ground"]
mesh = SubResource("BoxMesh_gps8s")

[node name="DirectionalLight3D" type="DirectionalLight3D" parent="."]
transform = Transform3D(1, 0, 0, 0, 0.5, 0.866025, 0, -0.866025, 0.5, 19.2961, 95.515, 12.9777)
