[gd_scene load_steps=12 format=3 uid="uid://bhu7nafouqcb0"]

[ext_resource type="PackedScene" uid="uid://he7ivklp1ig8" path="res://Prefabs/Player_related/2playerCamera.tscn" id="1_f83m5"]
[ext_resource type="PackedScene" uid="uid://bo8ptladpikfl" path="res://Prefabs/Ship1/ship.tscn" id="2_ci54k"]
[ext_resource type="PackedScene" uid="uid://bk7st5tijr6ni" path="res://Prefabs/Track Objects/boost_ring.tscn" id="3_w4duq"]
[ext_resource type="PackedScene" uid="uid://72fvljgdgqke" path="res://Prefabs/Track Objects/RouteNode.tscn" id="4_vdksf"]
[ext_resource type="Material" uid="uid://c5a054dts7q12" path="res://Shaders/Day_clear_sky_material.tres" id="5_co2rx"]
[ext_resource type="PackedScene" uid="uid://cr6akcgb3kryh" path="res://art/3D/Track objects/Zigzag-2.glb" id="5_t6kfh"]
[ext_resource type="PackedScene" uid="uid://begn8j1et4l3v" path="res://Prefabs/Track Objects/InvisibleAimAssist.tscn" id="6_ke5su"]

[sub_resource type="Sky" id="Sky_cli5s"]
sky_material = ExtResource("5_co2rx")
radiance_size = 1

[sub_resource type="Environment" id="Environment_jnruu"]
background_mode = 2
sky = SubResource("Sky_cli5s")
ambient_light_source = 1
reflected_light_source = 1

[sub_resource type="BoxShape3D" id="BoxShape3D_23t2g"]
size = Vector3(1000, 1, 3000)

[sub_resource type="PlaneMesh" id="PlaneMesh_ueipm"]
size = Vector2(1000, 3000)

[node name="Node3D" type="Node3D"]

[node name="GridContainer" parent="." instance=ExtResource("1_f83m5")]

[node name="Ship" parent="." instance=ExtResource("2_ci54k")]
transform = Transform3D(1, 0, 0, 0, 0.999999, 0, 0, 0, 1, -151.611, 5, 800)

[node name="Track_objects" type="Node3D" parent="."]

[node name="Boosts" type="Node3D" parent="Track_objects"]

[node name="boost_ring1" parent="Track_objects/Boosts" node_paths=PackedStringArray("NextNode") instance=ExtResource("3_w4duq")]
transform = Transform3D(1, 0, 0, 0, 1, 0, 0, 0, 1, -131.611, 7.5, 600)
NextNode = NodePath("../boost_ring2")

[node name="boost_ring2" parent="Track_objects/Boosts" node_paths=PackedStringArray("NextNode") instance=ExtResource("3_w4duq")]
transform = Transform3D(1, 0, 0, 0, 1, 0, 0, 0, 1, -171.611, 7.5, 400)
NextNode = NodePath("../boost_ring3")

[node name="boost_ring3" parent="Track_objects/Boosts" node_paths=PackedStringArray("NextNode") instance=ExtResource("3_w4duq")]
transform = Transform3D(1, 0, 0, 0, 1, 0, 0, 0, 1, -151.611, 7.5, 200)
NextNode = NodePath("../boost_ring4")

[node name="boost_ring4" parent="Track_objects/Boosts" node_paths=PackedStringArray("NextNode") instance=ExtResource("3_w4duq")]
transform = Transform3D(1, 0, 0, 0, 1, 0, 0, 0, 1, -152.764, 45.6193, -105.048)
NextNode = NodePath("../../Route_nodes/2")

[node name="boost_ring5" parent="Track_objects/Boosts" node_paths=PackedStringArray("NextNode") instance=ExtResource("3_w4duq")]
transform = Transform3D(-0.866026, -0.5, 0, 0.5, -0.866025, 0, 0, 0, 1, -245.952, 43.5897, -186.21)
NextNode = NodePath("../boost_ring6")

[node name="boost_ring6" parent="Track_objects/Boosts" node_paths=PackedStringArray("NextNode") instance=ExtResource("3_w4duq")]
transform = Transform3D(-4.37114e-08, -1, 0, 1, -4.37114e-08, 0, 0, 0, 1, -252.944, 46.7938, -68.6992)
NextNode = NodePath("../boost_ring7")

[node name="boost_ring7" parent="Track_objects/Boosts" node_paths=PackedStringArray("NextNode") instance=ExtResource("3_w4duq")]
transform = Transform3D(-0.0939737, 0.918597, -0.383861, 0.888754, -0.0963484, -0.448144, -0.448648, -0.383271, -0.807352, -243.727, 77.3645, -7.78725)
NextNode = NodePath("../boost_ring8")

[node name="boost_ring8" parent="Track_objects/Boosts" node_paths=PackedStringArray("NextNode") instance=ExtResource("3_w4duq")]
transform = Transform3D(-0.361966, 0.174404, 0.915731, 0.932191, 0.0677202, 0.355575, 4.29396e-08, 0.982343, -0.18709, -195.129, 109.012, 32.8267)
NextNode = NodePath("../boost_ring9")

[node name="boost_ring9" parent="Track_objects/Boosts" node_paths=PackedStringArray("NextNode") instance=ExtResource("3_w4duq")]
transform = Transform3D(-0.0241328, -0.960309, -0.277894, 0.978953, 0.0336488, -0.201293, 0.202654, -0.276903, 0.939285, -81.1994, 182.923, -36.5734)
NextNode = NodePath("../boost_ring10")

[node name="boost_ring10" parent="Track_objects/Boosts" instance=ExtResource("3_w4duq")]
transform = Transform3D(0.288447, 0.172501, -0.941829, 0.957496, -0.0519662, 0.283727, -4.29962e-08, -0.983638, -0.180159, -183.848, 262.31, -134.573)

[node name="Route_nodes" type="Node3D" parent="Track_objects"]

[node name="1" parent="Track_objects/Route_nodes" node_paths=PackedStringArray("NextNode") instance=ExtResource("4_vdksf")]
transform = Transform3D(1, 0, 0, 0, 1, 0, 0, 0, 1, -151.611, 5, 700)
NextNode = NodePath("../../Boosts/boost_ring1")

[node name="2" parent="Track_objects/Route_nodes" node_paths=PackedStringArray("NextNode") instance=ExtResource("4_vdksf")]
transform = Transform3D(-4.33504e-08, -0.991741, -0.128259, 1, -4.37114e-08, 2.40646e-18, -5.60638e-09, -0.128259, 0.991741, -152.984, 45.9389, -163.758)
NextNode = NodePath("../../Boosts/boost_ring5")

[node name="Track" type="Node3D" parent="Track_objects"]

[node name="Zigzag-2" parent="Track_objects/Track" instance=ExtResource("5_t6kfh")]
transform = Transform3D(0.219216, 0, 0.975676, 0, 1, 0, -0.975676, 0, 0.219216, -193.296, 0, -151.884)

[node name="AimAssists" type="Node3D" parent="Track_objects"]

[node name="InvisibleAimAssist" parent="Track_objects/AimAssists" instance=ExtResource("6_ke5su")]
transform = Transform3D(1, 0, 0, 0, 1, 0, 0, 0, 1, -192, 65, -154)

[node name="WorldEnvironment" type="WorldEnvironment" parent="."]
environment = SubResource("Environment_jnruu")

[node name="DirectionalLight3D" type="DirectionalLight3D" parent="WorldEnvironment"]
transform = Transform3D(1, 0, 0, 0, 0.267238, 0.963631, 0, -0.963631, 0.267238, 0, 0, 0)
light_energy = 1.681
shadow_enabled = true

[node name="Ground" type="RigidBody3D" parent="WorldEnvironment"]
transform = Transform3D(1, 0, 0, 0, 1, 0, 0, 0, 1, 0, 0, 305.804)
freeze = true

[node name="CollisionShape3D" type="CollisionShape3D" parent="WorldEnvironment/Ground"]
shape = SubResource("BoxShape3D_23t2g")

[node name="MeshInstance3D" type="MeshInstance3D" parent="WorldEnvironment/Ground"]
mesh = SubResource("PlaneMesh_ueipm")
skeleton = NodePath("../../..")

[editable path="GridContainer"]
[editable path="Track_objects/Boosts/boost_ring1"]
[editable path="Track_objects/Boosts/boost_ring1/boost_ring"]
[editable path="Track_objects/Boosts/boost_ring1/Route_node"]
